109350
122868
271353
121593
121476
121963
121596
123177
112890
121598
121653
121739
122544
122547
15683
121507
116693
121753
1040761
1762218
122905
122881
1873453
1716621
122018
320002
121693
121692
122767
122876
121710
1195353
121418
121515
122760
1605869
1209500
121529
15682
121769
121480
121581
602466
121450
122772
122017
121387
122776
22211
122821
1209618
122016
121433
121699
122762
125486
116919
489161
114816
121408
121481
1870601
1266772
121300
118279
121451
121500
122540
122782
122866
1669929
53875
975158
121373
121376
121439
122846
829342
904218
122785
20057
121595
121704
121930
122009
122014
123859
121588
2048187
121289
121448
121449
121533
121537
121584
122756
122797
122871
124484
266360
22216
122783
12294
121316
121390
121407
121423
121511
121992
1091433
991862
124414
193548
121416
121445
121487
122518
122748
122770
122848
124468
687962
942376
122863
945377
121388
1499073
121377
22215
112872
121321
121952
122013
122025
183277
1140332
1342899
1626813
1642955
1216961
1876745
121490
122747
15684
121315
121468
121592
121695
122024
391724
1271637
1440752
1576501
1347942
121998
121706
121420
1533541
15685
68549
121524
122541
122746
122774
122787
122891
194542
590646
935128
1209498
1875985
122538
122780
121419
64674
110763
121305
121447
121454
121519
121703
121945
122028
122049
122522
122526
122534
125815
490361
843997
994742
1425837
1846620
121313
1600515
22214
112873
121306
121379
121409
121427
121509
121638
121696
121936
122517
122902
125327
160850
194116
195255
218018
288503
427804
828093
1619850
132934
1998120
122002
64707
121317
121368
121422
121432
121442
121494
121506
121512
121931
122004
122029
122779
122791
183283
789635
1131486
1467858
1513794
1722375
1900727
994753
122050
1652453
121293
121298
121325
121367
121371
121385
121425
121499
122554
122768
122778
193774
1050626
1850279
2046363
121493
122789
122880
121304
121320
121399
121402
121412
121473
121530
121534
121580
121654
121705
121939
121942
121960
121987
122008
122021
122047
122573
122759
122869
122919
123194
143226
193666
194124
326228
727599
822225
890935
1092213
1165802
1431025
1711518
2009822
122561
1716220
1755285
121947
290952
22213
121394
121482
121513
121597
121941
121944
122011
122048
122552
122553
122874
122928
123265
124522
342662
355833
433173
491077
744621
1123658
1180960
1232831
1324706
1637931
1732371
1749941
1781994
1796644
121486
1890549
121590
2119208
2052094
20055
20056
59238
121286
121294
121318
121324
121331
121411
121414
121421
121436
121443
121474
121478
121498
121522
121656
121702
121929
121984
122041
122042
122536
122555
122752
122784
133149
178166
192266
193657
193868
280033
289102
348414
492895
503160
581996
626048
899111
916364
969579
1044568
1049085
1083241
1238775
1384863
1399107
1562311
1566488
1619451
1707142
1772586
1892016
2022113
121934
1780872
1935977
2177437
20054
121274
121334
121347
121400
121424
121429
121446
121582
121622
121932
121948
121950
121983
122023
122034
122039
122525
122750
122757
122786
122870
193660
195079
496823
504186
547648
558203
577610
755468
792025
798812
908451
932381
988440
1187823
1220892
1248929
1456596
1496639
1543635
1544365
1711081
1755436
1795602
1851137
1873951
1888584
2076951
1999371
22212
807069
121707
1353354
1851866
1324228
2053775
2089219
2256824
1864382
1771748
1064610
110762
112874
121301
121335
121392
121413
121415
121485
121504
121885
121957
121977
122038
122043
122531
122533
122543
122548
122556
122557
122764
122831
122847
122930
193656
194514
194834
326227
479925
497831
549244
578668
675938
759517
885927
974488
978776
1026728
1094016
1123665
1193186
1213068
1357931
1389598
1549018
1638394
1648088
1674613
1818608
1873452
1952313
2106448
1999560
123041
1783152
22210
121285
121393
121396
121434
121441
121483
121497
121528
121535
121708
121949
121964
121988
122558
122755
122837
122844
122865
122931
123040
194727
280260
347745
501433
538322
723639
751406
772535
828311
856588
886112
886363
886848
908443
992278
1037417
1069430
1234446
1280927
1361770
1435054
1449855
1485135
1593792
1714990
1791006
1862384
1875627
1905353
1937171
1959358
2127489
2215368
2193754
1792913
1924472
2235020
557203
1987132
2026898
121288
121292
121308
121327
121369
121370
121430
121495
121594
121621
121694
121724
121884
121955
121985
122019
122046
122527
122542
122572
122758
122815
122817
122838
122898
122914
193702
195109
283265
379844
616477
693966
780091
937309
1024060
1133712
1189338
1222070
1346528
1349400
1362407
1362798
1412010
1424981
1494343
1519091
1646425
1711137
1747687
1772813
1783637
1848013
1985688
2052429
2096497
2209560
214816
1993204
1487646
2063096
1860954
121920
728410
2018205
121380
1778713
2231735
194020
121309
121354
121359
121406
121488
121517
121652
121712
121968
122551
122568
122879
122912
122924
498578
498608
504543
547013
560887
612794
627189
693962
787484
788150
801145
892315
892573
895577
937570
941767
946588
1029354
1041084
1069438
1173272
1173726
1193192
1194475
1209503
1265498
1345490
1353969
1353976
1427630
1629439
1639195
1670726
1676006
1717089
1739423
1751973
1762298
1763123
1778831
1825727
1871320
1875767
1941072
1962214
1978363
2044842
2077108
2082111
2108484
1784178
975674
121940
2226875
122529
121271
121287
121291
121322
121323
121361
121365
121608
121640
121874
122794
122836
122901
122932
124529
210106
244716
314812
350539
366848
448669
530568
540786
594915
630773
648429
725710
780775
788531
810693
821330
829544
846847
850275
889249
944233
949651
995306
1091466
1111899
1127461
1155705
1193193
1259033
1265362
1315008
1496733
1520134
1535052
1545625
1579789
1644815
1665744
1708861
1711331
1720817
1862727
1870602
1964657
1970927
1974827
1993158
2061735
2080246
2099764
2101701
2104593
2182817
2183392
2209257
1997447
956858
1723921
1793253
2218707
2033078
1618369
594887
112877
121273
121358
121440
121489
121637
121709
121716
121732
121904
121910
122560
122824
122917
122927
194087
292896
469041
492555
499938
543447
559950
564680
596131
630989
632129
650727
693964
746394
751405
755562
758237
785064
796835
820047
821333
824097
885716
890939
891203
918752
923011
978771
982020
1022255
1026681
1031588
1038977
1053967
1072753
1125328
1155031
1201562
1235124
1235859
1272980
1285201
1289379
1324226
1324227
1453203
1454554
1471057
1513869
1559286
1579086
1604521
1634748
1636626
1654301
1747340
1771401
1793245
1823162
1827661
1830455
1850876
1871142
1872916
1878643
1902659
1939914
1940289
1951021
1964669
1988769
2003833
2006835
2017501
2050025
2054095
2092186
2097798
2120436
2121792
2127633
2148497
2176584
2181936
2184430
2184532
2224494
2238338
2017505
2257781
1660071
2233781
1520129
2289171
2285882
985058
2084445
121272
121349
121465
121634
121636
121657
121671
121721
121722
121725
121740
121873
121913
121915
121946
121970
121999
122040
122567
122777
122823
122828
122896
122918
123043
123044
123051
123860
194135
372139
559071
561060
640992
729524
784497
801556
804642
805301
810205
819435
835712
886113
908763
916290
941961
944565
949644
950189
951591
974608
987691
1000787
1012882
1015742
1046949
1051273
1055246
1059885
1069432
1078395
1097728
1098456
1099458
1123677
1129495
1136475
1150750
1174076
1207896
1235860
1247899
1250556
1271605
1275334
1276307
1277715
1282033
1309462
1390542
1435049
1475010
1482033
1510297
1543099
1556818
1562587
1563527
1580895
1585198
1615287
1637851
1640347
1641507
1645098
1652448
1667965
1671515
1679141
1699953
1713729
1715693
1723925
1731896
1744828
1783673
1788204
1791915
1826606
1858462
1859392
1864532
1873454
1914223
1959134
1975896
1978611
1982463
2003004
2005308
2009820
2014703
2014704
2033979
2052364
2064876
2077385
2082125
2091070
2096489
2097706
2098759
2101695
2101697
2102584
2104428
2110789
2121376
2130509
2135216
2139036
2144690
2146327
2157841
2167761
2167763
2167765
2182816
2206957
2215909
2222591
2228762
2237755
2249855
2250021
2253310
2255852
2259513
2260973
2053333
2267745
2273604
2275252
2275257
2292305
2302342
2305022
121633
123038
123072
1029338
1087819
1277862
1545624
1615288
1619851
1671508
1672177
1687704
1757074
1783703
1790765
1794600
1809904
1818065
1852345
1887898
1905290
1913527
1930987
1934616
1941158
1952206
1989832
2025806
2036321
2040709
2047419
2047420
2057185
2061348
2083577
2089216
2108721
2110296
2135473
2140915
2145814
2153067
2166986
2167827
2168178
2172708
2184038
2186911
2191508
2204055
2210139
2234474
2242017
2242996
2246081
2248594
2262023
2262580
2263367
2260975
224863
2286499
2299938
2302338
